# liminal world structure digest
# columns: seed theme cell style nodes hash
1 0 0,0 spawn 3 135 8822818508570553428
1 0 -1,-1 style 2 64 1953989306712220599
1 0 1,1 style 1 81 2894722096716438580
1 0 2,-2 style 5 197 435961139462148791
1 0 4,-4 style 0 91 3926940247302308082
1 0 4,2 style 4 649 7177213304283795924
1 0 -7,-4 style 6 119 2680920354370511806
1 0 -2,-2 anchor 2 325 4125533972738601124
1 0 -1,-1 member 2 64 1953989306712220599
1 0 2,1 descent 5 177 1105381061815097696
1 0 2,1 descent_target 5 112 4911476165166238304
1 0 3,-2 descent_target_called 1 187 6602344969051176252
1 0 -1,4 descent_arrival 1 116 7601961191589594888
1 0 1,5 descent_final 0 172 4245518563299951518
1 0 -3,-3 descent_blackout 2 94 4958123506732813887
1 1 0,0 spawn 12 297 5293961399842287092
1 1 -1,-1 style 11 274 2270687108477508737
1 1 -1,0 style 10 234 3874898857105483016
1 1 -2,-2 style 14 237 4926052200205943179
1 1 -3,-6 style 13 270 5142904167081646607
1 1 12,-10 style 15 258 5947182979285344022
1 1 1,1 anchor 12 454 9036314862534844827
1 1 1,0 member 12 157 7853061558100132832
1 1 2,1 descent 14 124 7708822880823591563
1 1 2,1 descent_target 14 160 3725223499668835744
1 1 3,-2 descent_target_called 12 134 8887758411339183950
1 1 -1,4 descent_arrival 14 223 8319381255783340222
1 1 1,5 descent_final 14 194 2266680884394095235
1 1 -3,-3 descent_blackout 11 368 7201947426537310477
1 2 0,0 spawn 24 68 295439201801431785
1 2 -1,-1 style 21 77 7738190999885249937
1 2 -1,1 style 23 61 775590890507156351
1 2 -2,2 style 25 120 6696712754071562035
1 2 1,-2 style 20 132 3410467894077610198
1 2 -3,-3 style 22 86 8879353105794121341
1 2 -5,-7 style 26 139 1168108451508366606
1 2 -1,-2 anchor 21 65 4528418992680781238
1 2 -1,-1 member 21 77 7738190999885249937
1 2 2,1 descent 23 68 1537107227161774815
1 2 2,1 descent_target 23 112 1079823199493274912
1 2 3,-2 descent_target_called 25 110 1496530068492610834
1 2 -1,4 descent_arrival 20 115 3395643933388112971
1 2 1,5 descent_final 24 99 6280210772937741694
1 2 -3,-3 descent_blackout 22 86 5057605821345802387
1 4 0,0 spawn 40 209 362940904490886372
1 4 -1,-1 style 41 36 6845139206656294729
1 4 -1,0 style 42 253 286860599172099274
1 4 -1,1 style 44 172 3107307431135095968
1 4 1,1 style 45 132 6057049089867554017
1 4 -4,-4 style 46 191 100440806562264716
1 4 -3,4 style 43 234 3834290502090547908
1 4 0,4 style 47 136 186286050797308468
1 4 -2,-2 anchor 41 117 1125823278533945683
1 4 -1,-1 member 41 36 6845139206656294729
1 4 2,1 descent 42 33 6485561669816125186
1 4 2,1 descent_target 42 77 5701599424767074797
1 4 3,-2 descent_target_called 44 170 117175815814639945
1 4 -1,4 descent_arrival 43 134 995763060396039674
1 4 1,5 descent_final 47 87 8867994594287423040
1 4 -3,-3 descent_blackout 42 236 4035137697645825063
1 5 0,0 spawn 51 227 4638734999068785425
1 5 -1,-1 style 50 142 6867494903639942256
1 5 0,-1 style 52 106 1643878212247235494
1 5 0,1 style 55 144 6989077313767835475
1 5 -2,-4 style 56 283 3278985349559137461
1 5 4,-2 style 57 346 8617594876111152265
1 5 -5,-4 style 53 147 8228233929930517538
1 5 -5,-3 style 54 146 1463146517043101366
1 5 0,-2 anchor 52 198 2651248400309922343
1 5 0,-1 member 52 106 1643878212247235494
1 5 2,1 descent 50 147 5664430629003791995
1 5 2,1 descent_target 50 162 4553307250634503289
1 5 3,-2 descent_target_called 52 106 4721534546479597810
1 5 -1,4 descent_arrival 50 151 8489647577865624520
1 5 1,5 descent_final 55 108 1125466475769747788
1 5 -3,-3 descent_blackout 51 121 2273438074926337788
1 6 0,0 spawn 61 293 7137951256747966561
1 6 0,-1 style 63 231 6398405768916592376
1 6 1,-1 style 62 79 7657424256069001112
1 6 1,-2 style 65 236 6578568626399409780
1 6 3,-3 style 60 255 8446501628791796970
1 6 -4,4 style 64 74 7682990370558579314
1 6 -2,4 style 66 44 7378279028651962952
1 6 -7,6 style 67 98 4596537539366683003
1 6 8,-4 style 68 192 1708688105435316355
1 6 0,1 anchor 61 314 5023812134667580192
1 6 -1,1 member 61 35 2199346521399897019
1 6 2,1 descent 63 216 6763112718105982314
1 6 2,1 descent_target 63 98 8646067112011649567
1 6 3,-2 descent_target_called 60 94 8034500301976085069
1 6 -1,4 descent_arrival 61 101 1220213827212165086
1 6 1,5 descent_final 66 102 6424620866490246116
1 6 -3,-3 descent_blackout 65 201 3116915903228632024
1 7 0,0 spawn 74 171 3487411663544303238
1 7 -1,-1 style 73 268 6733430512069233574
1 7 -1,0 style 71 176 2221442676743272890
1 7 1,-1 style 70 219 2196437069520867717
1 7 4,4 style 72 304 2054632315925825514
1 7 -5,-5 style 75 177 7956842434574751193
1 7 -5,-2 style 76 188 587086414528468643
1 7 8,6 style 77 113 2973388553731121860
1 7 2,-1 anchor 71 198 2533647667208738272
1 7 2,-2 member 71 93 8788403885139178475
1 7 2,1 descent 71 159 4804892716085659097
1 7 2,1 descent_target 71 145 4492386775938351001
1 7 3,-2 descent_target_called 73 98 9215967709495715675
1 7 -1,4 descent_arrival 71 152 7825729222258205829
1 7 1,5 descent_final 73 129 2431573519172521405
1 7 -3,-3 descent_blackout 73 77 8569486934042558622
1 8 0,0 spawn 81 661 1917987342608234261
1 8 -1,-1 style 85 456 4335527111137076465
1 8 -1,1 style 80 125 2761477532817636994
1 8 1,-1 style 87 447 6339896329227399863
1 8 3,-3 style 83 129 6410776549343584702
1 8 4,0 style 86 176 4838932434127517986
1 8 -5,-4 style 84 82 7114272652487914084
1 8 -5,4 style 82 487 6723380096878240150
1 8 -13,12 style 88 79 8459034353487292933
1 8 1,1 anchor 85 397 1989204678293695418
1 8 0,1 member 85 127 2346121511950330776
1 8 2,1 descent 85 493 5071778491290110095
1 8 2,1 descent_target 85 199 8917720303120572649
1 8 3,-2 descent_target_called 80 207 8289059538456228045
1 8 -1,4 descent_arrival 80 154 7186729671180043490
1 8 1,5 descent_final 85 211 8627657105853660399
1 8 -3,-3 descent_blackout 85 461 1494143318560752615
1 9 0,0 spawn 92 207 7079755365182956560
1 9 -1,-1 style 91 181 3648050861911247176
1 9 -1,1 style 95 208 1634037592780054365
1 9 -2,0 style 94 191 8790743813490688919
1 9 -2,1 style 90 134 5500500305683853993
1 9 2,1 style 96 74 8612968653398026564
1 9 -4,-4 style 97 202 8528545181982474528
1 9 -4,0 style 93 75 1264742890137666299
1 9 -1,-2 anchor 95 206 3602450080557594497
1 9 -2,-2 member 95 152 5826641994579673128
1 9 2,1 descent 96 74 8612968653398026564
1 9 2,1 descent_target 96 114 6893955132193137837
1 9 3,-2 descent_target_called 91 176 2404713127488883472
1 9 -1,4 descent_arrival 94 187 6181106359832939104
1 9 1,5 descent_final 90 199 1181092438891891666
1 9 -3,-3 descent_blackout 90 262 7242935329349417883
1 10 0,0 spawn 103 452 7928578191095504996
1 10 -1,-1 style 100 376 4436570406876251952
1 10 -1,0 style 101 348 2721589750040330208
1 10 -2,-2 style 102 765 4914204728853885835
1 10 -3,2 style 107 142 7266264329335144818
1 10 -1,3 style 104 163 1579703376051214461
1 10 -4,4 style 105 333 7971002344538630193
1 10 -5,-2 style 106 511 1367724346665009037
1 10 -2,3 anchor 102 886 870185470804805641
1 10 -2,2 member 102 166 1420254126426618954
1 10 2,1 descent 101 334 1310980999082006580
1 10 2,1 descent_target 101 190 7393438126027747565
1 10 3,-2 descent_target_called 101 210 2904363663780105890
1 10 -1,4 descent_arrival 104 203 4133707822117775830
1 10 1,5 descent_final 105 189 2158523588874140228
1 10 -3,-3 descent_blackout 101 382 569552632176114394
1 11 0,0 spawn 111 166 7373679662392507328
1 11 -1,-1 style 113 123 39709034334705668
1 11 -1,0 style 112 160 3742841589976824783
1 11 1,1 style 117 126 7228126513731365967
1 11 -2,-2 style 110 200 436841740043026096
1 11 0,2 style 118 200 3702917315043009328
1 11 2,0 style 114 163 134841707071128755
1 11 8,-4 style 115 199 8596760299053646737
1 11 8,2 style 116 189 6245470985653553863
1 11 0,-1 anchor 113 173 5984269946609216757
1 11 -1,-1 member 113 123 39709034334705668
1 11 2,1 descent 117 150 6799846136016869416
1 11 2,1 descent_target 117 175 472339062425542319
1 11 3,-2 descent_target_called 110 139 7062736217873827613
1 11 -1,4 descent_arrival 117 182 8769995371068447181
1 11 1,5 descent_final 117 195 3716348775661260585
1 11 -3,-3 descent_blackout 114 180 8356503928563666067
31337 0 0,0 spawn 3 92 1531238570400023236
31337 0 -1,-1 style 2 329 90378105199722823
31337 0 -1,0 style 6 79 7216519894812339588
31337 0 -2,-2 style 1 152 6994394763676671100
31337 0 -2,-1 style 0 124 2528005351525617136
31337 0 2,-2 style 5 133 5286967911410362542
31337 0 -5,4 style 4 106 1991596576531411721
31337 0 -2,0 anchor 6 322 2257705663224967322
31337 0 -1,0 member 6 79 7216519894812339588
31337 0 2,1 descent 2 297 4865767403539386375
31337 0 2,1 descent_target 2 110 3556137457569461328
31337 0 3,-2 descent_target_called 2 163 6403451068677337043
31337 0 -1,4 descent_arrival 1 169 8096511773160838001
31337 0 1,5 descent_final 2 156 4344574467018257528
31337 0 -3,-3 descent_blackout 2 310 2571172065153613872
31337 1 0,0 spawn 12 789 1573867525130749337
31337 1 -2,2 style 10 362 5277700477378988228
31337 1 4,-4 style 13 161 4275284941199982808
31337 1 4,4 style 14 235 2129742415484810337
31337 1 -5,-5 style 15 197 4326894522504175064
31337 1 -8,-8 style 11 251 5881534444468792375
31337 1 -1,0 anchor 12 603 2440574128276061964
31337 1 -1,-1 member 12 138 340103185005542544
31337 1 2,1 descent 10 246 5644827974160721886
31337 1 2,1 descent_target 10 203 1572026963087643216
31337 1 3,-2 descent_target_called 10 184 7467885149546819209
31337 1 -1,4 descent_arrival 12 215 554198607533116487
31337 1 1,5 descent_final 12 233 7455791772196769859
31337 1 -3,-3 descent_blackout 10 248 5871868279172744963
31337 2 0,0 spawn 24 81 3991589242288119258
31337 2 -1,-1 style 20 112 3279795213405516033
31337 2 -1,1 style 22 101 559453466081652938
31337 2 1,1 style 23 57 9066654672196343677
31337 2 -2,2 style 21 55 3219789425020450546
31337 2 1,2 style 25 92 4468020629154702283
31337 2 7,-7 style 26 144 2218513314654290597
31337 2 -1,-2 anchor 20 68 1375307580223566551
31337 2 -1,-1 member 20 112 3279795213405516033
31337 2 2,1 descent 23 89 2836153710946043615
31337 2 2,1 descent_target 23 124 8035810303091076893
31337 2 3,-2 descent_target_called 21 92 3619481410808905196
31337 2 -1,4 descent_arrival 20 134 2992497820283568878
31337 2 1,5 descent_final 24 92 9010771211759133758
31337 2 -3,-3 descent_blackout 23 60 4690147264378409607
31337 4 0,0 spawn 40 154 1082838435937250201
31337 4 -1,-1 style 41 147 5229153008135349115
31337 4 -1,0 style 46 156 8602012167809625502
31337 4 0,1 style 45 150 8502368970053460930
31337 4 1,-1 style 42 106 2428239641458789263
31337 4 0,2 style 44 124 946851397921965231
31337 4 0,-3 style 47 49 8883560806766643274
31337 4 -5,-5 style 43 57 8705309157664949715
31337 4 2,-1 anchor 42 183 1453622490765290045
31337 4 1,-1 member 42 106 2428239641458789263
31337 4 2,1 descent 41 172 9073586267389962590
31337 4 2,1 descent_target 41 160 1474980959983530923
31337 4 3,-2 descent_target_called 46 82 8771193472959071207
31337 4 -1,4 descent_arrival 40 160 6456046952801283705
31337 4 1,5 descent_final 41 144 3759341863668798156
31337 4 -3,-3 descent_blackout 41 123 624496744504317311
31337 5 0,0 spawn 51 252 630449926363881536
31337 5 -1,-1 style 50 103 6247536165330168463
31337 5 -1,0 style 55 143 2596316403033894275
31337 5 0,-1 style 52 215 4738636547666224850
31337 5 -3,-3 style 56 306 1646047767904364532
31337 5 4,-4 style 53 158 745245421762855921
31337 5 4,0 style 54 221 1070262411324207208
31337 5 4,2 style 57 347 204922515701983475
31337 5 1,1 anchor 51 296 2108276337888275188
31337 5 1,0 member 51 119 1062876599926948893
31337 5 2,1 descent 52 85 2110462855580654043
31337 5 2,1 descent_target 52 118 4335610516833749477
31337 5 3,-2 descent_target_called 50 144 5338856059254655462
31337 5 -1,4 descent_arrival 51 115 3208575115567698338
31337 5 1,5 descent_final 52 113 9190251820786547276
31337 5 -3,-3 descent_blackout 56 306 9005638291553310570
31337 6 0,0 spawn 61 193 646826103219294549
31337 6 -1,1 style 60 244 7868510992341210466
31337 6 0,-1 style 65 202 2376601532177241769
31337 6 -2,-2 style 66 51 6696122403809158164
31337 6 3,4 style 67 52 6684329087074531934
31337 6 -5,-3 style 63 225 7575889660147385597
31337 6 -6,6 style 62 48 7630868898213937641
31337 6 4,6 style 68 191 48152712466874294
31337 6 6,-4 style 64 81 700672569281249969
31337 6 0,2 anchor 61 316 5352331801177748382
31337 6 0,1 member 61 69 4585789248755066958
31337 6 2,1 descent 60 241 1756089312368057765
31337 6 2,1 descent_target 60 78 8841570415956701620
31337 6 3,-2 descent_target_called 66 116 611928754486994460
31337 6 -1,4 descent_arrival 65 92 6587444109088431472
31337 6 1,5 descent_final 61 111 1455113014802644341
31337 6 -3,-3 descent_blackout 61 44 2924189978230803851
31337 7 0,0 spawn 74 163 4114462571762642011
31337 7 -1,-1 style 71 124 1768223678562665627
31337 7 -1,0 style 70 225 8183280087694258554
31337 7 -1,1 style 73 289 483052334066069155
31337 7 4,-4 style 75 150 3903830961211863524
31337 7 4,-2 style 72 311 4128686710355600137
31337 7 -7,-7 style 77 81 7195684985808791358
31337 7 5,12 style 76 148 6362908576191595431
31337 7 1,-1 anchor 71 135 1978675660902469292
31337 7 0,-1 member 71 117 2388833134705590245
31337 7 2,1 descent 73 93 3252701174393238949
31337 7 2,1 descent_target 73 137 2121108243468391278
31337 7 3,-2 descent_target_called 70 131 6157518273822467510
31337 7 -1,4 descent_arrival 70 163 4286494814927276157
31337 7 1,5 descent_final 71 147 7015437032201335963
31337 7 -3,-3 descent_blackout 71 136 5631843362755982089
31337 8 0,0 spawn 81 755 8481529462010591160
31337 8 -1,-1 style 87 91 2540913980361735725
31337 8 -1,1 style 85 482 3057613294745308086
31337 8 4,-4 style 80 136 1738228115822944232
31337 8 -3,-5 style 84 148 8901724898797209873
31337 8 -2,-5 style 86 184 8447098447910749921
31337 8 1,-5 style 83 151 5813878245232551756
31337 8 5,4 style 82 540 6915522846111993717
31337 8 8,-9 style 88 75 3918732589824080260
31337 8 -1,0 anchor 87 485 7260331218316799577
31337 8 -1,-1 member 87 91 2540913980361735725
31337 8 2,1 descent 87 531 1838832198878652082
31337 8 2,1 descent_target 87 162 8511889701794668867
31337 8 3,-2 descent_target_called 85 182 3381849993686878229
31337 8 -1,4 descent_arrival 85 147 6716403115000449812
31337 8 1,5 descent_final 80 172 6977840126718302473
31337 8 -3,-3 descent_blackout 85 503 7701483957384323176
31337 9 0,0 spawn 92 100 7217640604059199850
31337 9 -1,-1 style 96 117 448729016490697367
31337 9 -1,0 style 90 154 7322650198730619710
31337 9 0,-2 style 95 153 8704922330076874077
31337 9 2,-1 style 91 155 1294961788741643800
31337 9 -3,1 style 94 120 7941782930711778065
31337 9 -5,-5 style 97 149 1664062891054246920
31337 9 -5,-2 style 93 137 5714025656258045231
31337 9 -2,0 anchor 90 135 2565635836143175902
31337 9 -1,0 member 90 154 7322650198730619710
31337 9 2,1 descent 90 252 4705018152453313801
31337 9 2,1 descent_target 90 275 2756665973482451665
31337 9 3,-2 descent_target_called 94 115 2844754571162394673
31337 9 -1,4 descent_arrival 90 205 8764009358584490212
31337 9 1,5 descent_final 90 231 2073513192297043228
31337 9 -3,-3 descent_blackout 91 110 2919507818527626729
31337 10 0,0 spawn 103 514 624065978285160473
31337 10 -1,-1 style 102 441 7752317259302773551
31337 10 -1,0 style 101 385 5186021329486764769
31337 10 -1,1 style 100 401 3108185095417417558
31337 10 0,2 style 107 2504 3355272382826701759
31337 10 4,4 style 105 445 3153768299834720597
31337 10 -5,4 style 106 397 3216011115453220997
31337 10 4,5 style 104 427 5757982468901311826
31337 10 1,0 anchor 101 555 6128028280161002298
31337 10 1,-1 member 101 165 5974537995351357956
31337 10 2,1 descent 100 471 1152564660104602772
31337 10 2,1 descent_target 100 173 1167658186768919071
31337 10 3,-2 descent_target_called 101 190 3706431698825657818
31337 10 -1,4 descent_arrival 102 203 8337475442967716440
31337 10 1,5 descent_final 102 204 6860630827437994780
31337 10 -3,-3 descent_blackout 102 141 9222969067290641032
31337 11 0,0 spawn 111 193 7895993194731557935
31337 11 -1,-1 style 114 180 6939383904852893717
31337 11 -1,1 style 117 139 4124776077373367872
31337 11 0,-1 style 113 165 3953419438290236860
31337 11 -2,-2 style 110 189 1501929883523268613
31337 11 2,2 style 118 205 4556692007023394128
31337 11 -3,-3 style 115 112 6558378090710315345
31337 11 -4,4 style 112 171 2149128634865438612
31337 11 4,4 style 116 181 8103022257552768548
31337 11 1,1 anchor 117 157 2350178675140387293
31337 11 0,1 member 117 125 9203175887989368094
31337 11 2,1 descent 117 153 8760989823212558400
31337 11 2,1 descent_target 117 185 5180815562180930418
31337 11 3,-2 descent_target_called 110 139 8618465317943636760
31337 11 -1,4 descent_arrival 112 180 1173707413914308630
31337 11 1,5 descent_final 112 190 8579453281454934163
31337 11 -3,-3 descent_blackout 115 112 2807076240326693885
240721 0 0,0 spawn 3 138 6827525127810989274
240721 0 -1,-1 style 2 330 59485950444530722
240721 0 -1,-2 style 5 150 7369033172071750719
240721 0 2,1 style 1 161 5483948832293415209
240721 0 -2,5 style 0 124 6171015939234391091
240721 0 2,-5 style 6 80 2766819127036045040
240721 0 -9,0 style 4 111 1574140616158484602
240721 0 1,0 anchor 2 304 4288642383735386674
240721 0 1,-1 member 2 89 8551613114639020760
240721 0 2,1 descent 1 161 5483948832293415209
240721 0 2,1 descent_target 1 169 8639340680300934812
240721 0 3,-2 descent_target_called 5 95 8901526103448711692
240721 0 -1,4 descent_arrival 2 107 3378687647269793892
240721 0 1,5 descent_final 2 117 6563161210856196778
240721 0 -3,-3 descent_blackout 5 212 4948287290560874984
240721 1 0,0 spawn 12 531 2622003566439361453
240721 1 -1,-1 style 14 249 4132981182498232533
240721 1 -1,1 style 10 307 3138451774663609026
240721 1 -4,-3 style 11 303 3589926701203712519
240721 1 4,4 style 13 144 5048046614371725351
240721 1 -5,4 style 15 138 1176928939880163908
240721 1 -1,-2 anchor 14 237 1074986362537424197
240721 1 -2,-2 member 14 192 766970268522498775
240721 1 2,1 descent 14 136 8245219354714405475
240721 1 2,1 descent_target 14 172 4364417457178971661
240721 1 3,-2 descent_target_called 10 179 1710670176079352981
240721 1 -1,4 descent_arrival 10 202 991791016459615479
240721 1 1,5 descent_final 12 221 4912087028399877468
240721 1 -3,-3 descent_blackout 14 205 5640436903088377431
240721 2 0,0 spawn 24 67 4884173300917672508
240721 2 -1,-1 style 21 96 3310526093123585245
240721 2 -1,1 style 20 80 2830682388828782406
240721 2 1,1 style 26 100 3762733443615485762
240721 2 -2,-2 style 25 58 1200069137131216296
240721 2 2,-1 style 23 75 1758146458419943060
240721 2 -3,-3 style 22 80 6737745681869604588
240721 2 -2,-1 anchor 21 84 5552726882424858979
240721 2 -1,-1 member 21 96 3310526093123585245
240721 2 2,1 descent 26 101 7986738778043198077
240721 2 2,1 descent_target 26 132 3687472909439986411
240721 2 3,-2 descent_target_called 26 196 7058752533003851144
240721 2 -1,4 descent_arrival 25 143 1371234884810004760
240721 2 1,5 descent_final 24 83 5397192141833755854
240721 2 -3,-3 descent_blackout 22 80 6329247175063645272
240721 4 0,0 spawn 40 156 3182879598929415742
240721 4 -1,-1 style 41 149 2254584754080105059
240721 4 -1,0 style 45 135 5660110600330676000
240721 4 -2,-2 style 46 172 8469400685366033632
240721 4 -1,2 style 43 240 6955026213660454734
240721 4 4,0 style 42 216 6659788629811186540
240721 4 -5,-5 style 44 196 3474526257229490879
240721 4 4,-5 style 47 35 4378169541599704418
240721 4 1,1 anchor 41 130 1414118485713708090
240721 4 0,1 member 41 112 3570814345495550260
240721 4 2,1 descent 45 140 3244709769949573732
240721 4 2,1 descent_target 45 161 7265319892773360576
240721 4 3,-2 descent_target_called 43 122 5681233429400224184
240721 4 -1,4 descent_arrival 41 147 3250820971125444757
240721 4 1,5 descent_final 40 160 2275382732228190521
240721 4 -3,-3 descent_blackout 46 193 4450628305386413347
240721 5 0,0 spawn 51 179 6249578336198962373
240721 5 -1,-1 style 55 150 6173714042481574588
240721 5 -1,0 style 50 160 6221026565456120223
240721 5 0,1 style 56 301 3180984987136704260
240721 5 3,2 style 54 112 7866806255338226509
240721 5 4,3 style 53 184 3638804475239540047
240721 5 6,-9 style 52 78 8994636063195326839
240721 5 10,-2 style 57 349 73249596031762663
240721 5 2,-1 anchor 51 265 3620273881487699375
240721 5 1,-1 member 51 104 4348718782079611037
240721 5 2,1 descent 50 161 803153113060167773
240721 5 2,1 descent_target 50 163 7331365711874809489
240721 5 3,-2 descent_target_called 56 173 5823305463335634455
240721 5 -1,4 descent_arrival 56 128 5166018326622185055
240721 5 1,5 descent_final 55 177 3183018098060100411
240721 5 -3,-3 descent_blackout 56 315 5358305784119524576
240721 6 0,0 spawn 61 285 1838099846097032581
240721 6 -1,-1 style 65 52 3703900840145033248
240721 6 -1,1 style 67 135 7073744592602640254
240721 6 0,-2 style 63 225 5283653873931404755
240721 6 2,-2 style 60 187 6003298697273898876
240721 6 3,-3 style 66 48 3125460232754144947
240721 6 3,-5 style 62 52 3311890288489839365
240721 6 -10,12 style 64 66 7114225597673266636
240721 6 14,16 style 68 195 7291361496248615438
240721 6 0,-1 anchor 65 288 1444067761582436740
240721 6 -1,-1 member 65 52 3703900840145033248
240721 6 2,1 descent 67 135 8316127539693218548
240721 6 2,1 descent_target 67 100 2332634488871363011
240721 6 3,-2 descent_target_called 61 92 2457019843639021348
240721 6 -1,4 descent_arrival 60 100 2630492820912599356
240721 6 1,5 descent_final 65 103 6144658114950527857
240721 6 -3,-3 descent_blackout 65 36 6676875290767149521
240721 7 0,0 spawn 74 140 4692783828841573302
240721 7 -1,-1 style 73 154 3995581020617717790
240721 7 -1,0 style 70 187 4221114348223885634
240721 7 0,-1 style 71 133 5485712442454427247
240721 7 -4,4 style 76 229 3091417072716928540
240721 7 4,4 style 75 102 4973186838238114791
240721 7 -4,6 style 72 228 5108733088657008114
240721 7 -9,8 style 77 81 1160691043565215743
240721 7 0,2 anchor 73 157 8882594049815838050
240721 7 0,1 member 73 104 7831977928694760898
240721 7 2,1 descent 73 157 2067832844607875156
240721 7 2,1 descent_target 73 156 3656053832860408859
240721 7 3,-2 descent_target_called 71 144 3479305382045888704
240721 7 -1,4 descent_arrival 76 209 6585837308257303975
240721 7 1,5 descent_final 70 164 3962881954471308856
240721 7 -3,-3 descent_blackout 73 172 5031827092786578077
240721 8 0,0 spawn 81 895 2979872964062075170
240721 8 -1,-1 style 82 510 316084217683088212
240721 8 0,-1 style 85 496 8632483219708079447
240721 8 1,-1 style 80 131 2445190757362061480
240721 8 4,0 style 88 123 4267436642496524161
240721 8 -5,3 style 84 173 1059923063631990981
240721 8 4,5 style 87 556 7095485684436963982
240721 8 -6,1 style 86 395 219110719190933410
240721 8 -7,1 style 83 109 8062945474906779703
240721 8 -1,3 anchor 81 995 1158926652645762217
240721 8 -1,2 member 81 909 2487241079335255037
240721 8 2,1 descent 82 412 5346880423534846628
240721 8 2,1 descent_target 82 192 3771690747751364729
240721 8 3,-2 descent_target_called 82 209 5225623940139473098
240721 8 -1,4 descent_arrival 81 525 5892296498252172410
240721 8 1,5 descent_final 80 127 2652828274985503457
240721 8 -3,-3 descent_blackout 82 114 1092919002204404172
240721 9 0,0 spawn 92 84 7512910886795799222
240721 9 -1,-1 style 96 108 8935809868491077808
240721 9 -1,1 style 93 131 2315519404287543540
240721 9 0,-1 style 90 183 2804850365141619460
240721 9 1,-1 style 94 186 6800745370359264161
240721 9 -2,-1 style 95 131 6372914201004928851
240721 9 -2,2 style 97 125 882555980708346868
240721 9 -1,-2 style 91 129 9176598077975267074
240721 9 -1,0 anchor 96 116 3554501718342987990
240721 9 -1,-1 member 96 108 8935809868491077808
240721 9 2,1 descent 97 130 7806312166023059898
240721 9 2,1 descent_target 97 145 5695514431005877086
240721 9 3,-2 descent_target_called 90 196 8227337073826927756
240721 9 -1,4 descent_arrival 90 233 3466613085503515676
240721 9 1,5 descent_final 95 206 8593348868477905362
240721 9 -3,-3 descent_blackout 91 148 2132495842842024764
240721 10 0,0 spawn 103 448 5304373155987944957
240721 10 -1,-1 style 107 146 8437789862624515351
240721 10 -1,1 style 101 440 1655383120408323778
240721 10 0,-1 style 106 449 4684569835579434789
240721 10 -4,4 style 100 355 8204178349802605279
240721 10 2,4 style 105 429 5710404362382606263
240721 10 -4,-5 style 102 412 8060849365909228540
240721 10 -4,5 style 104 395 3481862970622036819
240721 10 -2,-2 anchor 107 2492 8542465310014417331
240721 10 -1,-1 member 107 146 8437789862624515351
240721 10 2,1 descent 107 144 2505991778666855252
240721 10 2,1 descent_target 107 152 2855464178968515516
240721 10 3,-2 descent_target_called 106 175 7340591433378227441
240721 10 -1,4 descent_arrival 100 180 5801668035918327444
240721 10 1,5 descent_final 105 199 1495471388166681612
240721 10 -3,-3 descent_blackout 106 778 449649326258296816
240721 11 0,0 spawn 111 157 7877450398316302684
240721 11 -1,-1 style 114 167 4255626885426524559
240721 11 -1,0 style 112 182 7572988827189872034
240721 11 0,1 style 113 177 7395175782879961375
240721 11 -2,-2 style 110 176 8753959106940566236
240721 11 -3,-2 style 118 118 3291391847342307282
240721 11 4,-2 style 116 182 7068375089032643970
240721 11 -5,-2 style 117 172 658223708209806993
240721 11 2,-5 style 115 113 7863054061910243807
240721 11 2,0 anchor 113 162 1146620662073444368
240721 11 1,0 member 113 121 7780676955148680847
240721 11 2,1 descent 113 176 4331039639237128464
240721 11 2,1 descent_target 113 187 298943121395627287
240721 11 3,-2 descent_target_called 112 180 8590731682475723557
240721 11 -1,4 descent_arrival 110 134 126791800709122730
240721 11 1,5 descent_final 112 191 7754263131685581849
240721 11 -3,-3 descent_blackout 111 194 8230135765934743165
